6613631
1776111
6624569
9701930
3936544
1196227
1514644
9923945
7016875
9784677
6285811
2225918
3805083
7096593
7117604
4316999
2733543
6925568
6529338
4187982
4713713
1200320
9075033
9922662
5759474
9182010
1512633
7852266
2115604
6031636
1448140
7168133
5530660
5293537
1691934
9846880
9613753
2492501
9392267
6343738
7018594
8981490
1439954
2065022
8232349
9770932
3384501
5966012
7211405
2736877
9325446
1840184
2757423
2192865
9439309
4618559
7405637
8075516
9104297
9655322
6758227
4275775
2366275
2189648
8080562
1935240
2401332
8725689
7178488
5112607
1296665
5813633
9417583
2054952
4570882
9685480
3446368
9938898
4049958
5361791
7740665
6175638
2047782
5894681
2450039
8570116
2079802
4973977
7290494
3463341
1890611
2631616
3031252
2709316
6105599
4292836
1807981
7931333
7362641
7998005
6964513
1388839
4884064
6459279
6216141
9377102
6416039
6978973
2945117
2224428
4275036
2913347
5878095
2210671
5030441
5627152
8604762
7497743
6631908
6953569
8234909
2773062
9495473
9254727
1812352
1832718
4996995
5765872
5432531
7646588
1979988
9870605
2418701
8196673
3358392
4638758
1975835
4480419
3759147
1352594
8433282
3120697
8338701
2891364
1846752
8725359
5190705
5874718
3725437
8091947
2818060
7513782
3123383
3358661
7747836
8152543
8500349
9373431
8964908
1037006
7013950
9603447
4647712
4871653
9837284
1127924
9529812
9707560
9028857
1591196
4421581
9801529
5729069
7016466
7488520
1885850
6107378
9399958
5911258
2043740
2781218
8230907
9428870
3518452
8810946
7894393
2042497
4896716
5088835
4741885
3898948
1293535
6292074
4087646
5338412
3510642
3365244
9484747
1101843
3141094
3825653
1640527
9580444
9928283
1799226
3156241
7657848
2926279
8444109
3070488
2122554
9133162
7107137
9392528
9534313
3187367
3550764
7875449
1643421
7834303
9424736
3556689
5067143
6490130
9240584
2141639
2513765
3402577
7202419
7690745
6228939
5580175
8715607
8823625
3620385
5341300
3386792
3995967
1735701
4459422
8977642
4787755
5586194
3279616
7368047
4350044
4015697
4802797
1276618
8083515
5330252
6139132
8718473
8212505
9755001
8436812
9660936
6061256
5992386
2520820
2543968
5860977
6118264
1702839
5143050
9249983
7967597
5375449
9462939
8962925
3590265
6835197
8593206
3729747
1643915
6908311
1056915
6016201
1054587
9859220
5790337
5219526
4299674
4078449
9395828
9515622
6494105
7911670
1931136
3682954
4754743
6358759
4157732
1583209
1093062
2851023
3757260
2346286
2440686
9266977
8215911
8564497
6400136
5013366
5691398
8967062
2328322
8569320
7562118
7743551
1844992
3534158
6552465
3249120
4763492
7905411
2896107
9560978
1931975
1644379
9695964
9544491
1239642
7374938
1619773
2896617
6689345
7379803
7711100
7423312
4569720
3735986
1511872
3550007
7062265
1662355
5502931
3150905
7049094
7218939
2940952
2166668
1796854
4642327
9338192
3536123
6906407
6041903
3333958
6890223
8090778
1471144
9171241
9046691
2563218
8221993
4315639
6213800
2093970
6082259
3153915
2267352
7312823
2315888
5674556
9834776
9772542
8337420
4602565
4107730
4516949
9731100
1729425
6832666
3956911
2848578
2696146
9316809
5956388
1542511
5742680
1981942
6153082
9380432
1402449
8066949
3547303
9558436
3489543
4510278
7357148
2863804
9020706
4006656
3226156
1931931
4659641
4690481
2534292
5533405
8277101
3155425
9870982
5244592
4247265
1890920
2290715
3701588
3509869
2392848
3809496
7220111
1349521
4409993
4863000
8768441
7344559
9905457
6814113
6022686
7798871
8983207
5014321
8610247
9600476
4046310
9092172
2533484
2191159
7971966
2846459
7240702
1227070
1091055
4703530
9456162
2058501
7495280
8061404
4267583
5876265
1943019
3208691
6606052
4695130
3234840
6966968
5406270
9273968
8692276
3595770
3730949
3907149
7856666
3105022
5897036
7840060
5170649
7374162
9900168
4685376
3708292
1161922
9435493
4695371
1034759
3958405
5554743
8976818
5227577
4127787
8234743
5780958
4840409
2302517
4476507
7958981
2551393
6011409
9525699
6155478
7977411
7253055
8103236
7478359
3160580
4891873
4186163
7779128
4461765
3468342
2863601
4274821
6020344
7259469
2894580
6629626
5617943
2490299
4978961
5348870
6097682
8747777
6842204
8056158
9741478
1663882
6405043
3212422
2115819
7502370
6887856
5365184
7951629
8657866
7160329
6617307
6164855
6808536
5742389
1674170
4947161
6108691
5663228
4259304
2331869
4259620
3795772
2026486
9944849
6453012
1921107
6628355
9924443
7568503
1650730
9791911
9982934
1352109
7120691
4247837
2450054
2810007
3064851
9684674
3381165
9027674
5155888
3270238
3628426
9126952
3336134
5263083
4086737
4392884
6920958
6111577
3049270
4168300
3353414
1424842
1305300
6846714
1788911
3679458
9619755
5360196
7177657
1044564
4411479
3964379
9109732
3876625
2108298
7406978
7681582
5153080
3403961
9180775
2473914
8738075
1557860
3863416
9056828
1460220
6287883
2520303
6629085
7158043
5170870
6036718
3878576
1384552
8766814
8189883
8832235
5176176
8456447
8179587
7777053
3458764
5498674
1391694
7595728
6619412
2721497
3620909
7456494
7057741
9294112
9409145
1926431
9041643
7470935
9599687
8790785
1122373
9517911
3612196
6431258
4381224
3893973
8509730
2147270
8064447
4067666
4729084
8205392
8054812
8823537
1443178
1714426
1123174
2491797
5010499
6343017
1903046
5417296
2630500
3531553
7201929
2139199
3344783
2845724
1131849
5591843
8786288
2603981
4452549
9420748
4584801
5262613
2552358
4038326
8630366
6411376
3251741
3738057
6585173
6211234
1409691
3780062
5600767
3540024
7392501
1201767
9980908
5865081
1219810
8778515
9394590
8740744
6061560
3455981
5063217
7672309
4156194
2467330
2991757
5379677
4345253
2460304
3455828
1187404
4585480
7659304
7346702
5021149
5531645
4337122
8096220
5083254
7139415
9965263
3488800
7940147
9909606
1782931
9723707
6896881
2003722
8521402
4879910
3176527
1884254
8153205
5574367
1291290
1360404
5161133
3474419
9445755
2466108
7973413
8209028
8740749
3100523
1506157
8896280
6318806
2558900
5180647
4921814
3985883
5161175
2828664
5201084
8905232
2931393
9425677
6153132
6777139
3487279
7183893
6837727
2822737
1345770
9711742
8965582
3987429
8827856
7529621
8781255
2793656
2706345
5911547
3675340
5545891
4025391
5283671
2037652
7672987
3576040
4165434
1962493
2392341
7226009
1112724
9473990
9249757
3354099
7549835
5674399
8534182
2088598
1287513
1328224
7752470
1589254
7409299
7911857
6738762
5173520
2098178
3741076
8846011
8884508
4721231
3023398
6861750
4820518
1733447
5347296
6956210
4311095
4042354
1249636
8817145
4303357
6102644
8907310
7432816
1569763
1117166
5538351
9902488
4161932
3424455
5110934
7503568
9026011
1395231
8540221
8874406
3846697
6394956
5982050
4296859
4975907
3171123
8563184
6465129
3419093
1400781
9790562
8522105
5625889
4908488
8232921
8609472
2474771
8721287
7194967
5334283
8998159
5425562
4212726
7363646
9183345
7589888
7982465
2996996
5386180
2388980
6902757
8935849
3605474
9055671
5197593
2923542
7837724
5898923
2535576
4657247
2507396
4955735
1879579
8945334
4778560
4844921
4064897
8648444
7834885
5337329
9401994
9933558
1718702
9082224
4172219
4772046
1378693
6575721
6535740
9684156
9725916
1684335
4466214
2738874
7762258
3028755
7091893
9905154
7857281
5579151
9726127
9990719
7416376
1498319
6379729
5068783
1048067
8452291
3842349
4435861
5280391
8007776
4606311
6840442
8652903
6755547
7225079
5324519
9160193
9543390
3070134
2698099
1966600
3198437
9796922
5046566
2661570
5575696
6535289
2449011
2528879
7670829
5146610
9652962
6444561
5118645
1286346
6969689
6884658
3321861
4548057
1335522
2329119
7905803
8661310
6445615
8136976
4282513
2926540
8179150
8420292
5774706
7082584
3753741
8356953
8419512
3085701
5042391
2565841
8391049
7296038
5051130
9769530
1027943
6565589
2494108
2608330
4478994
4653933
7081781
7371597
7412170
3806054
5789932
8802889
1451874
5611381
2220780
5560645
8261383
4163989
2460101
1370668
2755460
5429789
8668444
8465848
9505570
1707110
1719989
7564058
9756520
9168249
9922366
9095405
7379240
4753590
5606087
3131957
1507323
9549492
6093731
3382261
9729379
4191151
7821304
6023488
8590543
6206090
2955176
9751785
5068220
5613336
7482572
4815393
9475889
2101741
9762380
7488453
6082620
9119228
4312274
5834799
1770886
4410596
1551909
7414138
8627411
2555635
8061125
5522778
2018368
8708339
1208355
2532005
2222134
6931138
2750570
3700182
5418101
2190981
9171132
1342624
8935495
8900331
1196206
2872621
4127572
7964601
9413826
6887557
6123248
4856504
5668970
9894508
7180687
9797561
6032770
4680091
5230770
9082563
5030365
7056440
9773105
6104652
3506325
5911135
1427618
8407753
9437773
6924901
3768524
2280353
5249166
7507627
2412139
8359238
4987231
3065025
4312750
3733075
5175194
7357654
7812323
4000584
5322988
5743300
4408069
1330844
4463119
7741911
2880091
1633235
6770724
8297035
1589737
9330128
6466634
4778425
6617393
9829420
7485613
2966191
2195916
3559997
6676166
8319037
3463068
8694255
7947272
3163967
4620057
8413592
3641873
9837956
2019259
2356247
3403904
5969370
2217695
3805301
5718862
6665118
1573742
9941092
9207614
1632761
9887597
1803645
6160630
5663333
2322772
2302685
7139827
1465852
4065957
4270625
6749807
4341649
7141322
6280209
8043560
5947872
3088126
4391698
3013384
7344990
8822420
8288201
1453157
3254682
4558891
9458625
9100617
7058229
5236319
9178806
1377869
1341773
1954552
1064664
6253648
2059655
6712129
7034031
2797632
3026128
8782609
2367780
7459165
1962975
5676178
6649143
5306189
8524648
9800977
7003580
5207380
7193356
7185494
3801120
5368485
2943740
8585750
2112313
5628620
7475965
9990340
5241002
4475275
1675058
5361734
2386245
2734868
3910092
1111157
6905827
8814299
8780266
4396800
8770215
6434853
9441822
5636217
7644541
5573878
6676799
9804113
1024511
4305155
2910415
4463353
6310079
8996034
4306537
7855274
4499553
1182654
2164352
7992363
8846357
5894398
6651841
4866062
7523287
9351999
1612685
9411919
7141691
9964061
4128057
6027647
2887551
5376528
7114888
9688767
8092005
5217027
4082875
4689077
5597409
8931946
5758861
9229253
9142728
3199487
2543900
6561285
3532248
5390684
5360597
3763655
3634516
9670148
4333768
8092408
7732738
9143380
8245784
5734992
2081555
8548995
8074185
5941436
3171730
9309880
8444900
4807731
2124427
4796829
6630726
2642293
6512094
1549345
1404236
8067636
5526339
8321360
2421885
6084758
5425339
7505588
1696746
8108365
8868998
3172758
8065857
3862622
8651843
9673126
2826581
9281503
4684760
7747847
3232284
5407997
1398014
1777200
4035966
7238199
3947385
9158796
4421702
4182995
1262953
5897062
6079884
6617995
6478108
2369249
2768088
2498500
8285781
3321616
5032947
9802620
5371656
6524342
8352485
3247973
4642289
6880037
6723203
4485917
4896623
2253867
6944338
8915401
7350820
3621905
7600998
4865284
7869017
3057031
6722812
6782418
4818615
4965328
4673482
7711437
2119760
2129354
5613688
1334226
6211767
5795457
5140565
9270158
2221701
7442996
2587084
5688540
1047190
3243973
6354049
2924136
2159836
5263848
4055722
3128401
5517028
2635299
6126574
9701495
2068129
9481701
6889869
7184226
5901113
7929139
7177044
9995251
6598243
2003678
7134187
1097672
5125175
9577566
2079313
2695913
1675688
3326255
8442051
2617923
4519466
4507040
5004026
3521475
3675849
4032773
2361327
7817084
8889853
8060341
7941976
9206761
2733324
3250611
8500444
6202729
6124537
1092143
9436813
6606878
5846164
3344149
5484711
4175127
6231968
5834534
4985993
7575033
2734544
2308866
7544218
5447103
5215598
2306716
3604938
6542282
7454454
5205233
8860982
1311341
6695220
9815266
7495296
1050622
2588862
5051762
4644324
5330850
6108260
6018634
5166660
4275644
9066351
6511454
5449292
3981565
4857942
2254718
6041403
4108553
3543255
1105256
9297079
9696409
1085914
9900842
4760155
4522650
8171542
3405441
4517690
9302386
7669718
2429195
3808649
7866586
1316167
9800740
3578612
2827912
6776817
3010375
4072802
9932259
1972207
8120510
9326050
6584683
8315605
1137447
3446077
1971773
9936155
8130444
2068370
4719392
1108373
8117770
1384280
3187966
7562796
9637289
6429133
9931131
5793773
3743085
3008397
6173343
1022849
3992361
7284444
9764427
7174196
5463895
9936512
4712713
4739273
3548956
9954524
9467069
4426431
1762582
7774941
2680096
7520574
2020410
9644539
1156208
9476578
5046958
5864496
4777656
3651959
6162526
9092240
5807370
3018798
6960621
6781022
5854504
2680510
1292553
4146515
9012239
8919979
1430866
3678376
2032243
4988176
4610823
7507262
8569676
3052398
2566757
9502492
3395833
3296232
7418801
8669365
9214350
9613095
2791683
5327816
4866327
3987209
2773805
8518426
3942119
9699453
6645541
9543952
3453403
1424150
6803841
7990279
4327530
8253468
3032102
1160135
1286635
9666766
2780152
5892956
3470888
8895926
3841284
9668863
2089770
4231897
2625223
3270688
3827388
8966864
8456516
8204677
7788868
5888292
7892515
5244579
2674877
5553410
5722514
5585097
8655691
6366712
2163246
6693712
1421982
4160466
1209807
5317193
8898690
2422016
3102052
1216086
3321789
5343440
4232331
1291445
6412721
2615245
6531822
3426800
6379576
8530457
7454465
4450779
8309512
1470866
8420243
2835995
9116037
4792582
6122593
8832235
3507159
6151407
7883597
7916798
3914231
6444461
5559665
8057459
6559016
1079618
5671467
8572257
9800438
9041770
1027269
6295909
9804017
4838750
8369252
4138082
7404644
2287411
5710143
4572644
1952582
1825780
4935776
9995997
3545704
4151209
1022428
4192378
6589591
8218742
6158114
5608733
1352612
8461198
5829777
9935678
4978917
2034007
7195418
1918289
8142109
2743901
4356456
7239643
8848266
6476873
3876468
3902675
7215642
7192923
5671932
9844040
3216523
4251300
9694468
7493319
6741455
8359433
6543106
9908796
5603827
5625799
2117177
8707314
5264590
4982997
7764590
9064419
5921171
4817549
2786301
9355421
8646104
6995178
9929921
7076225
5786949
9217591
7609889
4920741
3472259
9726616
4805926
4543851
7459846
3611359
8724369
7064098
2979379
1722998
5056156
2895183
9465739
9423223
9689296
2908288
9718814
8524952
8654439
9331799
6648725
1195319
7749854
3456528
5115513
7916598
2860312
3894508
3576908
2926041
4145382
1774101
7262477
5465389
1096325
1960375
1731177
7430283
9996613
7018705
1104308
8262272
8518262
1172992
4988943
2102703
2593154
1957365
3531312
1951335
8326887
7239860
6858146
6128156
4323217
1788553
2635691
4365592
2199207
9585309
1587850
2867852
8673216
7913218
5864714
7736971
3088067
9784538
2291738
3649038
4655738
5424073
9229420
6526882
4724246
4143718
9185008
5350475
4316450
1918273
8822359
3292963
5834393
5235742
7652648
4858611
5218547
1692343
2745171
6860476
3499442
9082971
4935396
6587507
3129285
4492425
7486851
6412884
4122624
9913588
8689074
2354748
4264189
4151761
7173626
2162545
6897889
2978040
9408653
2143667
5789156
4453008
5444669
8339427
1841312
5459046
9130693
6744680
3471212
5243023
8429709
7664849
8906347
6618386
6077335
1174880
3818927
8774993
4893261
2392777
8839229
5562331
5194344
2935418
7082482
8989101
8923077
1059802
7222070
7063994
7241239
7712149
9351533
2141688
8941734
2403504
5701716
4017609
3282173
8558292
5216418
9355739
4303691
6895082
6482228
5492483
4710620
4268775
5147208
5015800
2405882
7836141
7810096
1231396
3379378
4315201
6169058
1828450
4015646
6951959
2785615
8797602
5808523
7924716
5821811
2731188
3783728
4424537
8979617
6987135
9841727
2473191
5016138
3200637
6282593
2521585
2800944
2200648
4822744
3611077
9527919
5651936
9980578
1837047
5520335
5674277
1253607
8203353
1387744
8128246
7728958
9166662
9085263
3417173
4845973
1983811
3907966
7027822
9038759
1377760
3715602
1018921
1360102
3897062
1505043
1175661
4258817
4963751
6369847
4918746
9955702
1826814
1010333
1747444
6669576
7232248
3336779
2251089
4296169
7431259
8338222
8029617
5518430
1916857
4271204
8462443
4307794
5518389
2754438
8377441
6306518
4126383
2653505
1592897
1655974
1293144
2290873
5305024
8971174
4977579
5433707
5882876
8751128
6295417
7714229
7532481
5829301
1877537
7641716
9871114
8302380
5917886
7366202
7399560
6218662
6906318
1378400
7079801
5807417
5190926
2406798
8122991
7486531
4463082
8828689
7361186
9950900
1110209
8769858
8323153
4588514
6646384
2735216
2431099
7281083
8789486
2333867
8536423
9576992
2614487
3652961
2143414
3355438
1417102
6183308
7439330
7280535
6941670
6111328
2244319
3031192
6107706
9854231
8181813
2183525
6528070
7456422
7802367
4592208
6178705
1012707
4717549
3288177
3284358
8049618
7907466
8009243
8665112
3788875
6900720
6059942
9370261
9266742
5814120
8707739
5426875
4063891
7286844
3784511
2666528
7247370
4936963
6285808
9431479
3788936
3451836
6236216
5823277
5877208
7749036
9751690
5676418
7193571
9956508
8265203
8011018
6355775
2254954
6302201
5969637
6771136
5798944
8621778
8195620
8103551
1686635
1496521
9347532
3591299
1839301
9613862
3513542
5013105
3252211
3072232
9785559
9929535
2299444
8030521
9897610
6196339
6600500
6011534
5702353
2257935
6708042
2697246
9000277
8205967
4623373
2699045
5388467
1814104
2977557
6145311
6154442
7368506
1810764
6010527
6648703
2402127
9863191
9859878
6440694
5043348
5015742
1922309
9637752
3048834
1663988
6692302
1430775
7205097
7901770
3686258
1176146
4327051
8608095
8055541
6068736
5995547
3285779
3899428
5293001
1502319
7928387
4383123
4782221
4398910
4852193
9832769
7712993
1080175
7429917
4377041
1594360
2066019
6912002
2183371
6982033
8610116
6694859
9508768
2535608
8241494
4886368
9142989
9040593
3955068
3057187
3303110
9703311
2853424
5564699
4969381
4469841
8980839
5808678
7020301
7394790
7148431
3548110
3457742
4888340
9027415
6495317
9883005
3395707
4007396
9492781
1723218
7820673
5726641
6416064
2480995
4496528
1062401
1813215
6390324
9638302
4031629
3184772
1608936
9230715
6475256
9238612
5906250
5777720
2848411
6309524
8694702
9864920
1147156
7945308
2071667
6053791
1432860
5474005
8907244
3618002
5119435
6748155
8258442
5690462
5629767
3199402
9961645
9926974
6699509
8017202
3418071
7480530
5347268
5722200
6452717
3239460
4734098
5938332
5670441
5065931
6262763
8551704
5375305
8064461
3340482
9466464
7586319
7774788
5942154
9220893
1152968
5161647
1832485
5704709
9484152
6506675
2744851
1055428
1351864
8090072
7501556
3465418
9947914
3169752
5579673
3237013
8374781
7557274
8999003
9568794
4515635
3974696
8542386
6359712
9932360
3755097
1773407
9667752
2498320
3947719
5879463
3504458
6907339
1693521
6314596
6458414
8756331
7048706
7748904
1470263
8581234
7028803
7889824
3635659
6779442
2111698
3842413
5810642
4428436
4392393
9172162
7252323
5444439
9594299
7601523
5684822
6998923
6477432
7040586
7898147
8759166
6254751
1183978
9327351
5238411
8078842
2642189
5915966
9809934
2829813
1635824
9959192
1793805
2624168
4641427
1415459
6010497
5250584
6573223
1976822
7032932
9890840
6858343
4965856
2455755
6793886
4588895
1555197
1953863
3076987
4025830
9807119
3910560
5485475
2488265
2762535
4029137
7576226
5557076
9896597
5217247
7945969
1722514
7310317
2027047
6388569
1177792
1468341
5808827
8270678
5264220
8316547
6421117
6169388
7142486
7164860
4831941
8316732
5376113
8268756
4285716
1132722
9517372
2201611
1255343
4488466
1083262
2363583
6464816
7918693
8012201
6955198
2650770
8223826
7393821
5773897
2834751
7289798
9664884
4348853
4486957
4650874
4251859
8775529
5366698
4886551
5214301
5897812
5722555
3833601
3724715
7189039
3990913
9776843
7026963
7589188
2475401
5111701
3842225
6628006
4838384
2817933
4102899
2726279
5035140
4879837
2388431
3171377
2192712
5048864
9032806
1861811
9381632
5677037
9679918
2746867
5250916
6455150
2837683
1567950
6348997
8128049
6012320
2629149
2181259
6065950
2681060
3481820
1401566
8875828
4983743
9618713
9734820
7454169
1565372
2518790
7684100
7493015
9620863
6873066
9110814
5408217
9537641
8616717
4891834
5249633
5595740
1894456
6038575
9066627
6761178
6684061
2338321
7647679
9450026
5817800
9844713
6385565
1136680
3595323
3565435
8066381
4316834
7338141
7174909
5260001
3524360
1377067
5487901
3470513
6986875
2015512
1526568
7758180
7072059
1985686
8558682
1895466
4759918
9402935
8094545
9532412
9825053
6793300
1335644
2427559
7997044
2534949
8097447
1490477
6906431
3387476
7237282
8260618
6750101
8232881
8426052
5190363
8736962
3784434
3734816
5158499
4069834
8229698
8450533
8889362
8319140
6970542
9178834
9206895
8953778
2179319
4311854
9996054
7296093
4916065
6798956
3208733
5040129
9351688
4978312
8090218
6123210
8450052
2827061
1767698
7250758
4377715
8675706
7376548
6477688
8895144
8320320
1500776
4090466
1405538
7895950
2387767
3089808
5569167
4888730
1059920
7232714
8621772
3892585
4959198
1330029
8076384
7085065
1823302
2863363
5588316
4005274
6092393
1280836
9808873
6710532
8607719
4015563
4502180
1611950
2429551
4216009
6706856
8542834
8777519
3142217
9488265
5675775
1845368
3101350
1489325
3605280
4551161
4104693
5734337
5628132
4890391
3914265
5166272
2646827
5501580
3242190
9462947
3017053
8491820
1087962
1918129
8349835
3847207
5238820
7765785
8570103
5943407
4609558
8269281
9057936
4893679
7788545
1568243
7703402
7798900
3815780
4873485
6799291
7547626
1965689
1828780
7489752
8309859
7733859
7385415
6747973
6637659
3458076
2407364
7816951
2135797
5397689
6877044
7972700
9803417
2761863
8087879
1032366
5596782
2597999
4126100
9757086
4772912
7042461
2989677
4795313
8926126
8306431
1865168
4293390
9885512
5015168
4365270
8157814
7373116
2125240
1111664
2650742
2069476
1352536
4996929
6550561
8897474
8782036
3842387
6545896
5745965
3448451
5295511
4596582
8270589
3392028
1579626
2179991
6194588
9239598
9738274
1851044
2474877
5942363
6142697
8075297
2301495
7823153
3121882
4874174
1426010
8720457
6123678
5989801
7556437
1600561
6247812
5992718
9239377
4289794
2998955
9035805
6897946
3542862
7324428
7674896
3344292
8566064
1575074
4739352
2880255
9852339
3896551
6859373
1623043
3901701
7056193
5005409
9439671
9325368
9228641
3223628
4766312
8680261
7145416
5317583
8448490
4195673
1266966
7433481
7672352
4913590
1438721
5685132
4242742
4896608
7331676
1765083
3658351
9379277
8518471
2012098
2672281
6063155
3427045
7067002
1036409
4210340
2705691
8697047
2325756
9035995
6205417
4282951
3682627
6536795
3096483
6041919
5470069
7493378
7603708
4546568
3549726
6703847
1043876
3797355
2375760
4083513
4775756
1153524
2636253
1813975
2496408
8449374
1796119
7954172
8179750
1083732
3013750
2240553
4466742
1625139
4943387
7969446
4411378
7924786
6728728
9276450
8501604
8352566
5600781
9064478
6618302
4369594
2948220
4763753
4514036
2559010
1884485
1911886
6519980
1333779
4311928
5479224
8400638
8918016
1235366
4940334
4285689
3177057
1357126
6007501
4252779
1968200
6960867
9888879
7921052
5101195
8765296
8057357
6593037
8039182
6892396
8410736
1191789
8674406
9745950
2283455
6228360
6575287
7873825
4876634
2052133
4397293
3195726
7975374
1208161
4203650
9506782
8871271
1308853
9222698
2441716
4024873
1616038
5172699
2560745
9885761
3576188
2766550
1508716
1240281
6456814
9106554
4317883
5074197
5479048
1823584
2059186
5502695
7879881
6088940
3710129
6438891
8994640
9569504
6779724
1191653
7908003
3881751
7225353
9603328
2298341
8407465
9594693
7952586
8135981
1345420
1783589
1750418
1171672
5388974
5459173
1729114
2891602
1584635
2120128
5835239
6546783
4284497
5405936
3416499
1564893
9318859
1457635
7154104
4094001
6681472
9835182
5099937
8010250
9318610
7978474
5815990
8648770
7745552
1373665
4654022
2544489
6234175
1560673
6977195
5537233
1621077
3895462
5924711
9582341
3686053
2849753
4417566
1046849
3543583
9055250
9240271
6129372
7589215
1552002
2922013
8111656
1384669
6273884
7118789
8680660
5434499
6589995
6646180
9406923
8643454
5194315
2023268
3234098
9287568
8090886
5194936
6387774
6221625
7872847
4908701
2242115
1308172
4582599
1417016
7342460
9592353
4470725
1194214
4043336
9996252
4405866
6766971
4169766
8501297
5520188
3481578
7388312
2739800
4500968
7433063
7956219
9638063
8078265
2446661
9603401
8799332
5594559
9222862
3404845
8303532
6904414
3594671
7352236
3129550
8036736
5612356
9071935
7714662
7360148
9970741
6273642
1368339
8762404
5118719
6008561
8242935
9905432
6384112
1229387
5259007
9468179
3851342
8264647
9195370
9175022
2457068
9731619
5581806
7405924
6349004
4722432
7233049
1322387
9967801
8754649
9898320
4182715
4592948
7068740
1058221
9834944
5421909
7946028
4296869
4543086
6322611
7395001
3944272
5806666
4891907
5686738
5775467
4641799
9015367
8714239
7654795
7481297
6518300
6653587
2591030
8149632
2866503
6780357
2673778
8976918
8748680
5595103
2924585
4823462
3490411
9880534
2648811
5452730
6914108
6026322
9223602
9508972
4523940
3853361
2404513
4426611
6290796
3641929
3069603
4096029
3944564
6500152
6961108
5797737
2746806
2328951
9819088
6249006
2927287
4101584
7352918
7163941
7864355
6729271
5949130
5243178
3899363
8560771
2097572
1309591
2018494
8425061
6337163
6223324
6001282
4350476
5094246
4313440
1080989
9417052
5124153
6820770
3847453
9133831
8320103
9175776
1975782
9098691
4690789
4540061
1702931
1484310
7238715
2451737
9963777
3625026
9460169
8842250
5287444
4963859
9459054
6684655
8218439
9915758
4128055
1774767
3180915
7923292
6460283
7880068
5383260
9745880
1429278
8406517
9979204
4546491
3165012
7865280
2674746
5512406
2863650
7413699
7085568
5141694
3134396
5890146
9560448
6545134
4291418
6188220
6522117
9114984
5210051
1421741
9856351
6347740
4825461
3187057
1369499
6989097
9020134
6095926
3857885
6419587
2251398
1101082
8636534
7056321
4199897
8714185
9654917
3337434
4995423
2327090
3125895
6566577
2530155
4774167
9918368
1670882
1442602
8716590
8146937
9842405
4001204
6113487
5895160
1312031
9711705
7450003
1170561
5786688
3145286
1575972
2980932
3370720
4829782
8099918
1597595
8301810
4182951
7336545
7337044
4685449
6787380
9781364
7266307
3923133
8177177
5536421
5118846
2625219
3746781
6038713
2828819
9266018
6263530
1569555
1076976
9477898
4703164
7035431
4555621
2024584
3894412
8602589
9122685
7908232
8291263
5534411
6325315
7199464
3066262
2845252
4519505
4951009
5142368
3002615
5682586
1202214
6631144
8603053
4720884
5926131
9125204
1888014
9379450
6935642
7697482
6960600
5781019
6171161
8381145
9946362
7146854
8618851
1582398
3425776
7384236
1792116
8537302
7247609
8990145
2127057
3475283
6413039
8981981
1060727
2721813
3297646
8530890
4767329
4279299
4785898
3884303
5627524
7379257
1878269
6472409
5121974
3029852
1279012
6735034
3354399
8607429
8194603
5428598
9593248
5342587
7940485
9862124
4241982
8912660
3002330
9482360
6334162
5358589
4507709
3154935
9960639
5104701
3021199
9349735
3427715
3344555
5573968
1502181
2116121
5410492
8441683
6675967
1486402
5803653
6342530
2407466
2347145
3674725
9778940
7820585
5332303
2569178
3873793
7790480
1002304
1934325
6444233
5007836
5941681
2719420
2412299
7380459
3732604
7395126
3486192
2796398
7937309
8213222
8750350
3438682
4787586
3616155
6861703
5873388
3776262
9567191
5503428
9185747
9620700
9785003
2155899
4977770
7430887
8016907
1183391
1465772
2669259
6903308
4825572
6428491
4212726
7925331
3309473
8868842
4714223
5134832
9431848
6035616
5105586
5728689
3438261
5503929
2535408
8618845
2164739
1340961
8423401
3295082
8996836
3096001
7761697
9545022
8370341
6612340
7785329
4387796
3916999
2688818
9595040
3823992
3313986
2558516
5680238
4527293
2949605
1219202
9033865
3764337
7334956
7920096
8283021
8420668
3415841
9066390
9695618
6488168
1044501
5299427
3951954
7230161
3264025
6773455
7781526
8993619
8108862
4052580
7584976
9370040
9129886
4778411
4328777
7374372
1016098
3709140
3726338
2428661
4937774
3523088
7183876
6221935
2028540
5492222
9120875
2749684
7675984
3527387
4931336
9943996
5351698
7941044
4609169
1227001
3735390
6748628
6979720
2312058
3045878
1534162
6997624
5076017
5228061
4759355
7395608
7114497
6990434
6497971
6000810
4628141
6298672
2896572
4530872
3710605
4535804
4653346
3807049
5754332
2242136
3090001
7544533
1317143
8791393
5024478
5945918
5287432
9480021
6782997
8977578
5062452
1169479
4759066
1001521
5966363
7709179
9556373
8814274
1462489
4702270
9839214
1220670
9424486
7498416
1624621
8124074
7441339
7744880
5954303
2587134
6194226
9657056
4289695
9618032
7025763
4431693
2873111
2642045
2320872
3614286
8834786
1625527
1919193
4670347
4610224
6675184
4247251
2680813
1838520
8788508
8995347
2963138
2835800
8416723
9002065
5856299
4610101
2162288
5839243
6715625
9537411
2322804
9700126
4091178
4551207
4948639
2815526
1657290
6008334
9576131
9117941
3693935
3691520
6438496
4824716
8664494
9521232
7870857
7665523
3930155
8640823
4670720
3317123
3289468
5937828
4641802
3368527
7112792
8304557
2707206
5266785
1447342
3448560
1779425
2755755
3816022
2651935
4802620
8545792
9491862
9464509
4393428
4197779
3470465
2863433
8599904
4413224
4794717
6607618
7805644
5155771
5979168
4440318
9596404
2445507
4473776
2624281
3249159
4456706
8356199
6195468
4429896
9639472
7004751
7664148
2377290
5164051
8686651
6126738
7697843
6990766
6774047
3030371
5355907
2996843
3348290
7999965
4655193
3698965
5084730
6894223
8875886
8125286
2246699
2315157
7405086
3034116
3083789
3083088
4166000
5861474
6919600
1178973
3763280
2985665
9699809
1285414
9614671
9783445
4538460
8748227
9860667
3301837
6635389
2903002
1543381
8829029
5325652
3856433
5133156
4624272
9956839
5586662
1597345
9522480
9663153
7894868
3523058
7403480
9592647
3325761
8792971
9865524
2962722
9161732
1820294
3883512
7353431
3391299
4060292
9549998
5877480
8026394
5171363
1184797
9131717
3418581
8754856
7766578
4698136
8720543
3906460
4371017
6591880
3789579
4294619
9670864
4163247
7771320
2992073
3040897
5868405
5508848
2519281
4470674
3607564
1332141
2940954
5596976
4233868
7865764
6378701
7330055
4828756
9459812
8525646
4544474
1447747
2626891
7326585
5035812
3702933
2746306
2262973
8410269
8275020
1889385
2709362
3614623
8027769
7222215
7256749
4416594
7083637
9396864
8789716
5285254
7501625
7176466
9978542
8925096
6767399
1249246
3394592
6059267
7292248
9311093
4158509
9173315
5980466
5527298
8495219
7723141
2937536
2476773
1799499
5556747
5106363
3992327
5716522
4086814
6627380
5570624
7718069
2411382
6298820
4297427
9233443
8291249
2509506
7526312
5049378
8204763
5185572
4875558
8103716
4661150
7024931
9693181
5280171
1955717
3023018
6318825
5026835
3447551
2672252
5142026
6865501
1037685
7275606
1594415
7181950
6393314
8148324
4861584
7482269
9072988
3373186
3468976
7165032
7206910
4114711
5864269
5299769
5822131
7918933
1052683
2070425
6361956
4941014
3320766
2852812
2537713
2034776
5517937
2773782
8113346
2018929
8126914
4697029
8729503
7351792
4260513
3931974
6791027
5638458
2448765
3359902
4231871
5492568
9548689
4910662
6936730
8018433
9829405
4991727
3154386
9964089
7911189
1979397
5475033
5960997
3292817
8681467
7757467
9843098
2667700
2492763
3139373
3459034
2363582
2872265
5831469
6153335
4948542
8621657
6704223
3643704
5079546
4839603
3686695
1917463
8207356
1101436
8501237
4854675
9725279
8125005
7206127
4949655
8748261
3411917
1662683
4042246
4551405
1093892
2322609
9297698
9696210
4424069
8438665
8265136
7033126
1443247
2181805
9157384
2695282
8151877
7341488
1592695
9978408
3859132
9797995
2188415
7631339
7108636
8555949
5070783
1261823
5896647
1788845
4305154
5976113
4708993
4410728
9968950
5762911
6805982
6459962
1674729
1933455
3562773
5598348
1802102
1850307
8837688
4240049
6450796
3100624
7936436
6460062
4476524
8159748
2725497
5495376
3037196
5844812
5357762
9005593
5480690
4161362
3461211
3978213
5108848
5979903
8350043
6131784
3990601
2370250
6090508
6624316
9626429
4683478
1398828
1502819
2474674
9364786
1751953
4580844
7029398
5269218
2146693
7183183
5527133
2832321
8124255
4924058
9120850
4211355
5920688
5330896
1451355
7782836
2090550
5453827
5377728
1660489
4728491
2644393
6000831
3612290
8970349
8275511
2843176
8752138
4035107
5383616
7714623
1918684
8810629
5639864
1093278
7188584
4538643
2131384
9646212
7987945
2170301
5974005
3079657
3473915
4685847
3475834
6566384
8584921
9575708
1771695
4667619
7818343
7365257
6549554
3959142
9046465
1077150
8678291
1158320
9814301
4792180
3400827
2995892
6139655
1865102
1802194
4022731
8622428
1162977
7667974
9626256
9353217
5337021
4217698
9336929
8196119
7625472
3642133
1556496
4606286
3954913
6224741
4457343
2963372
6463537
6684836
2876670
3322663
8696895
5507006
3436492
5009404
9463175
6054405
8610078
1963081
4846638
5809912
9750327
1095397
1795234
9198640
4858950
4602390
4664826
3616457
8378981
9129033
3955341
3564687
8612015
8321923
1579905
7339256
8821263
8634868
5773076
9485592
1737037
4004380
5835808
8434147
8040472
4315412
8876057
6242445
9412195
6016005
3010457
7568979
8585109
7009483
2467362
8091624
1824744
4102536
6455243
7394469
5227818
4010885
2032767
1356369
1625537
3888663
5830564
7606085
5381295
9556874
2912278
2705426
3592823
4374176
6256763
2043676
5940449
3254243
3059633
7413281
1438754
3486100
7691483
3727015
3855498
1900852
9751014
4406927
7096610
9095846
5976342
4297566
3895746
2589778
1868393
2976081
5553462
6827400
7052123
8647526
3410130
3575542
5025452
5600954
8576814
2991939
5874845
5424774
8863276
1607117
4536433
8419989
2828994
8307904
5274204
7452782
3049351
8312239
3175473
4412898
3640025
6083475
8049152
7574428
7038566
3632495
3806059
6450840
1400886
1909130
6959195
2535708
4916839
8123049
2096660
6558917
4920328
1638462
8113830
1839890
8111012
3494216
9962500
5969070
6538564
9986289
6885731
9305551
5344553
5395581
5053082
3204366
6617182
5614545
6952595
8240171
6435757
3051758
8995543
9128724
5782983
7641435
3645892
1728822
9131931
7338661
6851836
5012358
2871358
8355006
8002934
6308691
9341603
5940901
4670052
4078652
1749666
9046267
4506648
7714003
1434234
5680421
4557336
2029996
6416787
3050302
6142267
9901435
6152692
4260376
1326991
9720466
7084783
8809449
3266419
8474279
2108034
6157637
8489337
9103030
2549954
4522440
4147008
4412950
5709158
1999002
8828974
2255551
5451889
6069064
2379253
9137703
1725130
6431305
1603006
9056018
5075863
7722047
7795326
4964904
1606572
3984429
3210626
9149399
5503033
6669336
9505397
2377498
9674155
9699342
2907542
8973015
7367784
9871461
3031277
7127727
8438874
9250427
3274383
3196600
3338146
4893985
7565216
6378020
3144194
3229069
6508352
2465546
9658963
5300960
8529748
3742367
5805246
4405596
3570052
8159137
9550487
6007857
3896966
4390761
6732861
3887695
8570163
1592374
9235429
5488841
8435740
9288414
6106320
8348802
5417985
2091350
5282748
8702573
8156973
6425705
7464342
1265652
7513220
1199551
3293048
7734661
1357307
8615462
1783977
5377248
1301422
2153837
8540121
5885104
1912835
1376785
2193826
4487109
9693410
8593850
1214259
8445153
8067409
4140216
1014615
6254753
3820654
6202255
4380922
2046299
1877398
5700830
6590031
3094131
1622236
8730801
9875611
7734985
8737055
9107627
2460245
8984467
8717239
4918597
1264812
4989566
5779838
2661115
6288244
5984448
1005951
1080768
2565266
2281858
4733120
1696861
1574654
9001280
9356872
7860465
7414371
1676490
8041174
6233330
1254109
4805950
3231601
2161613
7896321
8830115
9706552
7262295
7005614
5613024
3124693
9941004
7686857
3537092
9936433
5471093
6904423
3709035
6828241
3187886
8601077
1893410
3358777
7461737
5544917
1545483
3687197
9200383
7720450
8596047
4833394
1606743
7747499
8396493
6055809
9171312
1426087
5748490
9066557
3934389
4256435
2351802
3072479
2548824
5829432
9403223
8470357
4716243
5414944
2644242
4057794
6961093
7015373
2800900
6484611
6320069
3024631
3562404
1001123
2053431
7518870
9564982
2336735
1291290
6827223
5670384
5318827
4658118
5586760
3155014
8763746
5642842
3183352
6470855
8609102
1283962
5468143
7086345
1908174
2420379
7189986
2832040
2177125
7546691
4700044
9601907
6058225
8157288
1639223
7003476
8737878
2019823
6795079
4930740
9633356
9737784
1643748
9994970
6956148
1858799
7064195
6821677
9716841
3792521
3098071
7964151
1657041
9904225
9999508
8810274
2003631
5933380
6527200
2412832
2330654
6151003
1443031
3117757
7483045
4384785
1955194
6886708
8477418
3899071
7503992
2300847
7289870
6041853
2469009
5207828
9261020
7905757
5570208
4230961
6315505
2814073
2532350
7499407
2795744
7035518
7656632
3552178
1615687
6292170
7709228
4293792
8764272
6278365
4455190
9362561
5450868
6932604
5529146
1157665
1441381
1291968
1687856
2884993
6801291
5897509
6074444
5958689
4977649
9425135
8187139
7605941
4847856
1548487
6812635
6347249
3232846
8796185
4123425
7355333
9620429
1453760
8662154
5847568
1364201
8482239
8070556
1842866
3131982
8301689
4098508
5458770
9622802
8080743
2207469
5633191
3670120
2841958
2537354
9883542
7139127
6709956
2018619
9591313
5322340
2155685
4162707
9794671
5712346
3421490
8382435
3861425
8697648
1371447
5572514
5597178
1185295
1877958
3584928
4006743
6453185
2970836
4411093
6091305
1430648
6231809
9739974
4656738
5728329
8019797
5314863
3731969
5809811
7448743
8078689
1421093
1972096
5734192
2191492
1784961
5236270
7850691
3556371
4215284
4623208
2673441
9282868
9168140
7509538
6247780
5796523
5412117
9970832
3270955
9256338
5877440
8687016
9145732
1000852
4989222
3454303
5083673
7067969
1443407
7503649
6140055
9612654
6034838
1428219
9530973
3290421
4861291
1595184
4276795
1899676
5487932
6254088
7606357
5025037
5681482
5833640
1197194
4978723
9814711
7712256
3730664
5334864
4440709
3537716
1564251
9579645
2758519
3414554
6559766
7607528
4126281
7129487
2371980
7325903
1511381
4402381
5966782
6548073
6580031
4715673
9647017
8018951
8403574
5652114
7880202
3866593
2509090
5962689
3889205
5970990
3786744
5773327
7486503
7762730
9356468
4439942
8202665
2819878
5580723
2584062
9959712
5800911
3942434
8001936
5849611
3284083
4250062
3510668
2811492
7362682
8417618
4910044
6398951
1877762
9272344
7941527
5483107
2312881
7276847
3868524
6434416
3902743
1123814
3923382
5023075
2920588
8850204
3489349
6479519
4746357
8897035
5191209
2315756
2123842
9511753
4584598
6111386
6596195
9815705
3379992
2746553
3267371
4178237
7366503
4885230
1614991
7767338
7636001
4122895
1990727
3841435
2801223
9724103
4423789
5640688
5328160
2254444
1881861
6115757
9872891
2764651
3688801
3308871
4259404
1059308
8069058
9112913
6662017
2581908
4890002
8721215
9421838
1948847
9773168
2569151
9059900
9804725
3002054
9649996
9562989
3845482
6826629
9877079
7974002
4104162
2279943
7224312
6741176
5947314
4559363
3897305
6602654
3592699
9621339
4052562
1656132
5796129
7882540
5196381
6097033
7392466
5565594
2916160
8859231
6832236
4860488
4047205
3876054
4259565
2211631
5167890
1151366
5271936
7791993
2367078
7835927
1459397
5529460
9825068
6325015
2426876
5559752
6552719
9167276
8690901
3786725
3488983
7767258
3544350
2129589
3221249
1860250
3931008
5848012
3237069
5376124
9837872
9759744
1915656
6616876
2159889
7919851
4772867
4463941
9798713
2723638
6288002
1304802
5746035
9399601
6184421
2786758
7871077
9941172
9666409
7968806
2879424
2759195
8536762
6942300
6865319
9967791
3832456
9311119
5661847
1437178
5184439
4122682
8407098
1230561
7912907
4129335
1891356
9490758
2992983
3178198
9965851
7483605
9945755
5179283
9531485
7726512
8254715
7559034
7774973
2840369
5156035
8896663
7575813
9149584
3385799
5920546
5642783
9305997
3285411
1303000
1058106
1785547
1131555
9571422
1175567
9940619
5526583
3652751
8077673
5562465
9594537
7739055
3656259
2493915
1289615
9452676
6806188
6934196
6017359
6577146
6560282
4278897
2708356
4392432
7909856
1197091
9753511
3893065
6598853
6837965
1131371
9066908
9592674
2518577
1690789
2858514
9641610
1108374
7264263
7709803
4462887
1376811
1191388
8811193
8691531
7890961
1721239
8374202
7157060
2839744
2173931
3806779
1574040
8679295
2596790
1287891
9983096
1754618
6148387
9095454
4560378
2799416
8682288
1829016
1927778
2416681
4300881
8772131
6953461
3530728
9694180
1028686
3721833
1349757
4645207
5307102
8173697
4548791
4812054
1152612
2011252
1511357
6665510
6579578
7733303
8205300
7858232
2775312
6011729
7050332
8361352
6847669
6312576
4449600
5463165
6524863
1507115
7296861
4250287
2726796
2579499
5181412
1578850
2333651
5078910
2734940
8054058
5255015
7868354
3401193
5233200
1796054
9672581
6280687
9067503
7474984
9846445
8254147
6911481
4425940
1226009
9992641
4584753
9390123
3512299
8420972
7841772
9477074
6153964
9569937
5518358
7112466
9310191
3297204
2985861
8250508
2692144
6693632
2399051
6875289
8856611
9713156
3765456
7050148
6999020
9507496
3340944
4992307
1184028
9242017
9445279
4485552
7388220
5267013
3370384
5396540
9267755
9079750
3690551
3527018
3029215
8287980
6656952
3051363
7586583
9364541
9120451
9988090
3191820
1742737
8449713
3256674
6363315
4904244
7301834
9237937
6052844
1176704
7672542
5234436
6978106
6824339
8811257
2754215
6159212
1268756
5937788
7811006
4213534
2299639
7224026
6109725
8107715
8244510
2636739
8719122
4899935
2044498
3553431
1633534
9883910
8185327
7439292
3708382
3848028
7582573
7072191
2902780
2445137
8024695
6236103
8748429
3565175
6484763
4783443
6299948
6538379
7970387
6972189
3400119
4442943
4340283
4565754
5724160
5033095
6838799
3135691
6644626
3183490
6268598
9249682
4167567
6549235
5332988
2417803
9866289
9558728
4336280
8074264
5332752
8759563
9308816
7353555
5666842
6343866
2376703
6031932
1452997
3404380
6142298
8247237
1267568
5719534
6286468
9541875
4508547
5179346
7263163
8207267
2718624
8107705
6488411
4030264
4436435
8338573
1805639
1792426
3925123
4827192
7686656
8899590
3807281
9895176
5331923
6365887
9479090
6778157
9005297
7212759
9582558
7491821
3309755
8008506
9271537
7097622
2298914
3963214
4057054
5397651
7687860
2332703
2689368
3330168
1208061
3717051
9352663
1189303
3614110
5301582
4063562
1688855
8951287
2440734
3369473
6150178
3298365
3555734
4166683
3212080
6806483
8301905
5633434
6266357
4652931
9550366
1589326
1780505
8920735
9923611
8989063
3230235
1530954
5596199
1015642
2186614
2709511
1172636
5268993
6338840
6280923
3194807
4033563
6334472
9762845
6653779
4595902
6058434
6744157
5202458
3235068
3542750
7980054
2565298
1373722
7289272
6106229
5407840
1487537
6954544
4956012
9626354
4043343
9354100
6768848
4451319
6483776
8273583
1683205
9963891
3052405
1291685
7002181
7188123
4079184
6610306
3981660
5908740
2919796
7373627
3730181
2130938
6709180
6416591
7324079
6552271
1136707
2374242
1740036
9076511
2445700
7392098
2272311
7063604
8036988
7954976
1123044
9873468
8342543
4022243
6185576
1896659
1967212
3748942
1248857
4868922
9524453
6937174
7081683
6472471
7290419
6260642
5307901
1759415
4718212
4362767
7258144
2627936
7226673
8985384
6053831
9719261
1657823
8049600
7583260
4089211
2715547
7746868
3649766
4164662
2255174
9652812
8371267
8928537
8276847
8156601
2426441
9050181
4211798
7619316
1548091
8274413
9554298
8434650
9152903
7558140
8401993
3747514
4225172
7086981
3581377
3858262
2380546
1686289
4535584
6454655
1918481
3684107
2466966
3787418
4254562
6173923
5901809
7944531
8061010
4736404
3074274
9127994
4264932
6645112
3256561
6431048
1588905
1566882
8532546
5461744
7702821
2452906
2780704
7040647
5045112
4851839
4213273
3096522
7418780
8130958
5389530
9582213
8805502
4023270
2116573
9586872
4073247
9447990
4914401
2404611
8685560
9985761
4477476
6356250
6215104
7968886
3673519
7860950
1301571
1258218
8802085
7073254
4051008
1183146
2150927
1796138
9061774
3790018
7460041
9436598
9023844
8698996
8749828
8204120
4707154
6914125
6623334
7774009
2671769
5262980
6360044
4022752
2640352
6884970
5057913
2008274
8981252
8818872
8482542
9162908
3540884
7913343
7301884
1331389
2339291
6795245
6556556
6789906
9260932
6727865
4638201
4066873
5459150
1898115
8279783
4237930
1884291
5829143
2719228
8113493
2406281
1748658
9300266
7718070
3227340
7735027
5900119
5661581
6242063
1953339
6791418
4799088
2153952
4239603
7004869
5534610
8846660
9879478
2129507
1112326
1943743
5583436
9277567
3373789
5229167
2523376
7847186
2966978
9967291
3047449
5245744
2241313
4893221
5515365
9262003
8810217
8572538
4811822
3308306
4620808
4723057
4607248
1641744
8513804
4576729
8085312
1202718
2109129
1019610
2667044
2768636
4254871
2326937
4694348
3777994
5400895
1214470
6301741
3175678
3537278
9478210
9187871
7646172
1872373
4197161
4308326
8383565
1162627
1572930
2088219
7318824
3035209
8303362
9181517
9576861
2584457
6688420
8257355
9110408
5699772
4242621
5182133
6750633
1132970
7309915
6190375
1101994
7738697
7949978
3724479
3738663
3432712
1908719
5627085
5436984
3876771
7429069
5729522
1627119
4972192
3364910
1010165
3500688
6510364
8243035
5317247
5868656
7686905
7491124
1931153
1702313
8251776
5459555
9543987
2633739
6649502
2168368
5172598
5998614
9096626
2725770
5872222
4374749
8625814
2909695
5543147
9855331
2132692
9582152
2854153
4009760
9738754
6597652
8522077
2118063
9786064
8898270
6684500
2233137
1280610
4284234
8696817
4125493
6171890
4441457
9420382
9998090
6967927
4734296
8186408
7421462
8762215
4563421
1075146
6161595
5166616
3754700
1082849
9309882
9333084
3565556
9825913
9393249
1550558
6325277
7751475
7884685
9984731
8383832
5934578
6071560
5691160
3952281
9801930
9471788
1306638
9180174
6779048
9505475
5943337
4712947
3554468
3366060
9455330
3516084
3746536
7968156
7298857
5349521
2582724
6360488
5426669
1997876
7109688
5081570
1748564
4217357
6570657
9946104
1793647
5663402
8665588
9343884
8836153
4344044
1001264
2345010
4083517
7515033
8321686
5638365
9238926
6319816
4051043
2988941
5737923
5854499
8209101
6251401
3561356
6619023
9164635
5104134
2255733
8780436
6116941
7239312
4641103
4228443
1415682
5479604
4985838
4574184
8016269
1175054
5926640
8139992
2167959
1734302
8382204
8248672
8014455
3761582
9506256
2489482
2748976
3361824
7205960
4062205
9466108
6129693
8108357
1427949
9983397
6411005
5614204
7789553
6528244
2672231
6588648
3787472
8221016
1928099
1361332
7186147
9019271
3157672
2883633
2448482
9312582
4466888
3405895
6882287
3835363
6630109
9742097
9949434
5694898
6767149
6029459
3140433
3591022
6674436
5006065
6154245
3740978
7881013
9278457
1005173
3512117
4541517
3320189
5503559
7754595
3122821
4043931
9325796
2648700
3191042
8452802
3153238
1717000
6170236
6149010
2823485
1527855
4221887
1879735
3833496
7889223
7110433
4425548
5045769
7779373
1946852
8249020
3557647
8545971
9807624
5008508
1840463
8954813
8565693
4585749
7454745
1144634
4719068
9417027
4718090
3252510
9289570
3212249
8592056
3229708
9255222
8491709
7446596
8401473
2749034
4404344
1160152
1935192
1656061
2265444
5042787
7481069
1746802
7832862
4049276
9044720
7668277
4620474
6875073
9876634
2286774
4517208
3570952
6334594
5753067
3058640
8194818
2644946
7859765
7840666
3767217
5230831
2433776
6693126
7933427
2332338
3240303
4408774
1447825
5654536
3598599
5849746
1456682
4044910
8167896
7058809
3584182
4175389
3923889
4756362
3153888
8327274
7085961
5323893
7771425
3736333
4015414
6283213
6299197
2132020
1302534
8263011
1520291
8490301
2563541
1019711
3350361
5735329
2696700
7319088
5844096
8831810
2062779
7961673
4885646
4766167
6223713
4472167
1395167
1326687
6323902
9392683
8906105
8323362
3680864
2048962
6270129
7105476
1582762
3046103
5263172
5114067
5846078
5051423
2458484
5359757
2845959
6484278
6864812
5143006
5539692
1112806
8043901
2885676
7952420
6494037
5791701
9679843
2685387
1628145
1641709
8465076
8544020
1874396
6648750
3602812
8329576
6361056
4888116
7525478
6873069
9095065
4198775
4224773
9446186
6417302
4311284
6254418
8477310
5622818
2639597
2887530
9276935
2901832
3518730
2043101
1787024
9345685
1187646
3067632
2704064
4439604
6606909
6183702
2666811
4685207
4320572
1260211
3814779
1429960
4840266
5148420
5681130
9822147
9995389
8252975
3239937
3832619
1768427
8522344
8430606
5789785
4257395
5669377
3657565
8803391
2772442
9369496
4724089
4782487
3979105
7166802
1832517
7728769
9937860
4436136
5307898
7373154
1702875
6524010
5255072
3236044
3087006
6993426
1302275
4148465
7834359
5639156
8236218
8964559
1133622
8932426
6640654
2867215
2142210
1817072
5174867
9976244
3785827
6108740
9942000
3054299
2458482
5871506
7100498
7630932
7325527
6434680
1610579
8183514
2382568
2757223
3811663
5689317
8784349
5516749
3908190
5101061
2309850
3007943
8272746
5584228
4908097
6481337
4198262
8998110
5867494
6075628
3889926
9451746
7294058
8989540
2769597
5427490
3227336
5113094
9660667
5169674
6727492
2143519
8816809
5162819
8599680
9650665
2645418
1636752
7729015
8629566
4366396
8702883
7053353
6705106
5937942
5529549
8341104
9165941
8151533
9380890
9995651
2346470
9504100
6450654
8342175
2480275
8602997
1374355
8140823
7373371
4489576
4798248
9868755
3514762
1863054
2959369
7856991
1225301
3725984
7002405
3072739
9924676
8126625
4657367
1700685
1237066
1244683
9781913
4390932
2666728
3880133
7701038
9872673
9543771
9824156
3671769
8737339
8226900
1530264
3080248
2257024
7055450
1697370
1120755
3663499
5575961
2120991
9933946
8119015
9350101
6195307
9409539
6561960
6173895
4050105
7780171
9399917
2249758
8195476
8764145
2793258
9307232
4365709
4211745
8791727
4904874
8811042
1416140
9254106
7932126
6911547
6569510
7251102
1000748
6640766
9080398
8425127
2187274
2325844
9401590
6908810
9944875
5652512
1914164
8566177
3287233
6164007
4436588
6796120
4616678
5435669
1026465
4546155
5597147
9113843
3902252
1063578
8266515
4571585
9978977
5979327
7172044
3310238
1791797
7457379
8633136
9640694
6069182
3374273
7528343
1135142
6118947
2499849
3179439
7767567
1475061
7599688
5612264
4907300
1770340
2492547
8654153
9923000
4702626
7722606
5124491
6960262
6827531
6893773
4133005
5844013
7661952
2422345
7119609
3206857
7946543
2607439
7221351
3477072
7608501
5661401
9945446
3948567
8544649
6551811
2335922
5387982
1570059
7219548
5941285
4259749
1917637
6050606
6536376
2795032
9245396
8408699
8438071
8049719
7420695
2151449
6484296
1925358
9582512
8458968
4229648
7223564
1426534
6457813
8699138
8430986
4779407
4602990
9352155
8549399
5270330
5429404
6324730
9171922
7023477
9651702
2611271
5320047
2471230
3829410
8646588
5863945
9446045
6276953
7435050
4915924
8623788
5903450
9796889
2293420
5965753
8902148
4237665
3310722
4532838
7732953
4604075
5698492
5572349
8348752
8283907
5349454
1021886
6783881
5449960
9041757
6210561
6228388
9001231
9389769
5126476
2618433
2728465
8498840
8420909
2224814
9187493
6536395
4631794
6310909
9753073
7869404
1486178
4506217
3510933
3107188
9878437
4659887
5233120
3541837
7826369
7420488
1258295
2764994
3390907
2927087
5691837
7499798
9236211
5220404
4839089
4970794
3538220
8511433
9230539
9182566
6420990
5434294
4356095
3030984
4407162
2709203
3888213
5365469
5047342
9210062
8056707
1471341
8629804
7118719
2528043
1758692
9936925
7907818
2019320
2082419
8340176
6290653
4023691
6836592
2506916
4046953
6188751
7529728
1173086
4868428
9401584
7936087
5285386
7917772
5428107
8226069
3088418
3859420
9690341
5683507
4468986
7031629
5846285
6776666
2300416
1905890
8039974
9851191
5202484
6436057
8874918
1875159
4989934
4990691
4004626
2375839
7338039
8882386
1610648
6833667
4971072
2866087
5348405
2107898
5079685
1067825
4434961
5433596
1302301
8355292
1867621
8784926
5087508
7766899
8956410
7545582
1345661
6629299
7405840
2427806
2971331
4115924
6078568
7579898
7332980
6978963
3989272
4003876
7430870
2924716
1166326
7298145
3635665
2019644
8599035
5951712
1381866
4049755
9129228
5813032
5849366
2995134
6182471
7256952
4015000
4150148
6464506
9789400
4595251
8138902
1587962
4594483
2651311
5656581
2973464
1417397
6430831
6916134
4617684
3331220
6475965
3552079
3341889
2507042
6248843
3099773
5600257
7039780
7548679
9104718
2781214
4129392
8319558
8008359
2995307
1360880
2305907
2073324
4749744
6253818
4007044
4747173
4017068
8206091
3252821
8662837
8267157
6675487
2171525
6768713
6552392
5279177
3896510
5268834
2971551
6639800
3657381
2817145
4207288
4939107
7690941
2767853
1484774
7010479
2590084
1863138
2360070
2578748
4209986
6823956
4714356
6761420
4211069
5923153
2508796
9169576
5628441
8056189
7643250
4432092
6192441
2427643
6999735
7826081
8271917
8903851
2017052
7509464
4232337
5850282
7509513
7346431
1231698
8485862
5286848
5120274
7208161
7970504
8362727
5035905
1942334
2283085
3105691
8942952
9273003
7412412
4067132
3105315
3080026
3858012
2692627
7490906
1564816
7735075
4285907
8282120
9786213
3436370
6559970
7378069
8972124
1526515
9904151
6900905
5520083
7489075
9707849
8306298
3442194
6733975
2721869
5562222
2120561
5301598
4597732
5755408
5488383
8613526
6890332
7615996
8226147
3442524
5755720
7208409
8760232
1238005
9505682
7100117
4349447
7133986
8086474
2012312
2263979
2420359
8982203
1444639
5031929
9881347
1857474
1798624
4407046
7381891
9454372
1273411
3826408
7313335
8725637
9984946
7934075
6227861
6768178
9269756
6860189
6167322
6640599
3938275
8253967
6927208
1800867
4275917
1889499
4050370
6793651
9706476
1112783
5151198
7170911
7136947
3875596
8110196
3208294
8320531
8371952
4205931
6621810
2838981
7842681
6631638
1178096
4874509
5202608
2669656
9784299
2152267
6177091
4079707
5350408
6974457
2557040
7525594
9652383
4408145
2097117
5878063
2314087
3535752
5214820
5122442
2451650
9913485
5875522
7493928
1842726
7214365
5138982
8302368
6059618
5690131
4891410
7929559
5569750
1465172
4837960
9838645
6942068
4059187
3132218
1323254
7442966
5120922
1836399
7631387
7362541
2162344
1751910
1759883
4621210
6686070
7397859
2165339
8621624
5487178
3695236
1907046
5430285
1154176
2082214
8079828
1657588
4045698
8755488
6204235
6678314
4366514
2080681
4301476
8605976
8954719
6437716
6991350
7079171
4564484
4377171
8918383
4569567
8279810
3934351
1127474
9575246
6909979
5184156
2381538
4681269
8513930
8859610
8761832
6290361
5848940
6454929
9019033
7239363
1568315
3144197
4114223
1133717
2766859
9259224
6901939
6651863
5795529
3023481
7350536
5407541
2068808
8539200
7308940
5676484
1720880
5932632
8544665
8849866
3380266
7752505
5478412
9523511
1415850
9641395
5366971
3986539
8581448
3029304
8770756
6279491
1041748
4221455
1817159
5083505
8552510
2830652
8591623
8119587
6897612
3203212
5758648
3279611
7307145
1424904
1460258
3981180
5604198
2544621
7236673
4637980
6852640
2072066
4121580
2007845
8352636
5945547
3634674
5643932
7885961
3672855
1870740
8825642
9249310
4054703
4057316
9578618
6182178
9393355
1462667
7120591
1927502
4117087
8561699
4467050
8737738
5611876
4758285
9861398
2323310
5941539
8855802
8720030
3024872
5787614
6860650
4173670
6177828
6444871
5072435
4454183
8714051
8698211
1806730
6831708
3249531
3215737
7610615
6361710
9974604
8155870
7404046
7878165
1049465
4514940
8909709
4176369
2382695
8988958
1684962
8521433
9190717
5122515
6607747
2721332
3987832
9578107
9724573
8315200
5141553
6149716
6021189
2321940
8925095
1618414
7963714
2034314
6715512
9604566
1161101
3822129
5649935
6767850
9867693
5124935
6419545
7816864
5248845
9272968
1354416
2123954
1843729
4119285
5025711
7824097
9035402
1309830
7522500
4355676
4825243
2274780
1762543
9169117
2990320
8095772
4180106
8869536
3852201
8349388
3287457
2783018
8125381
3450206
7925737
3010138
4839165
7398809
5853028
2758250
2475282
4600754
6500057
9955984
9593767
4710593
7893663
1392396
6645481
5920764
7050820
9452040
4736677
3525114
9569166
6034334
6169645
9609465
5768793
5786594
5300245
2641566
6756064
4462076
6563229
2932385
7225421
9051898
3198040
7076547
1581110
5338450
8732608
6090245
2405966
5186948
5115620
5934461
4734888
6999544
7894257
2281250
1810183
1986219
1504115
3558137
7092536
6344893
7051824
1657859
5081749
6923225
5262345
6708952
9873470
3228601
3650475
9189124
7673430
8004677
4715043
4352537
7801831
4865596
7565921
4408649
7974012
8645768
1600576
3119088
1134438
9157025
8745450
7503051
6458427
7315366
2810759
3410143
2475076
5605623
7822050
2550615
6052671
9395422
9466537
7480082
2090903
8246393
2052946
6572401
3996147
8605371
9299204
5511150
2856279
5881808
5328400
4057130
4735197
7567356
8267106
1616353
8196561
9603303
2030235
5936004
7264613
4019091
7440178
9032396
6067410
4652557
2731796
5554113
6801206
4826782
8267143
2041952
1132479
6153495
8707984
2794471
8673776
7982524
4950026
3545553
6683337
5605688
2237640
9913180
3472341
6274059
8010827
8054621
3446265
8350591
9867121
3112255
2885434
6131952
9677575
1737734
8090149
3482704
4053974
3535011
8557539
8030514
7810783
8510031
6580033
5556321
7286391
1197783
1280550
4029045
6914849
8414543
8458864
5913568
4197857
9369605
5468357
9905410
1638062
6773395
3601923
7570416
3160062
8176220
8559637
9981783
5815545
7646132
7803819
2239806
8446641
7701313
6901650
1126631
9541426
1819081
3744828
3979634
3779165
7092199
5752010
4334374
5549858
7049186
2577467
5829179
1524501
3640977
6095177
4088679
3563442
2774350
9909866
7323164
4299951
2995653
7224382
6431222
3894132
9359318
5536191
3145314
8447408
9452018
5163947
8988740
4543905
4356290
5650218
3294943
2076146
6526324
5059761
6384500
8185640
5634100
7955184
1833311
6814045
9778898
5155638
9690018
6231884
4431323
6658373
7755302
6393265
9635499
1626171
1066289
5256814
6930521
1011863
6567865
7298545
2452310
7921363
5575185
2135657
7630639
5855806
4433092
4030657
5852492
4070287
3026902
3195774
5314521
3557223
7649897
2180662
1132124
4355117
3902167
9241973
1238149
4752324
8686285
3674906
4919078
9898793
5087011
3367211
9081839
1068715
7824129
2317978
2331099
8077142
4635917
1713978
4748792
3761476
4786491
8294376
7742478
8906646
4134165
1957953
4018940
7361262
4768672
5608548
2745037
4836117
2253894
9922512
5040188
1760041
6824485
8925689
1386718
3554293
9775920
3086188
7659487
5216581
5559802
3703406
5749449
2188280
3583323
4057177
9435472
5353324
4310571
4919126
4440799
2036302
1715526
6768568
5906860
7366014
5046444
7089816
1626733
7033297
2382973
1666547
1369529
9161210
8283340
6608704
4079861
8110629
6102691
6208009
8848588
9276792
4886853
1595677
2591460
7900125
5886926
8860597
1610796
1539490
6918719
2632157
4713710
3086168
7331375
1437059
1935098
8799823
5768278
6567801
6114085
1701471
9673241
8302217
2436414
9237279
1311785
2082564
6369532
5659411
6264862
5877890
6304218
8865800
2181464
4537084
7866589
1822066
3686551
9497996
2998807
8970050
8390086
7525103
3141969
1474447
5234343
2404607
8915118
7279768
3856098
9852647
7311722
6033704
2269265
1127734
1360911
4194805
8629195
4126340
5788689
9138074
2283037
8498845
5269422
2350993
5247098
8252702
6408539
1879511
2988700
5926981
3250163
1006835
4820943
9014970
8688874
2509354
6730638
3940408
3783287
6096712
9064631
3354352
2865031
9462281
6301832
4553254
2304462
5601456
5637268
3664225
7874565
8118302
4266768
1966749
1633957
8382472
8918359
4506285
7934730
5588465
1144071
9973870
8691587
2874628
6036427
4633213
3779254
6964266
1843556
8390104
8943970
9671040
6796083
5683845
1301149
9421921
3334205
7829217
5281060
8259417
5603957
8036375
5807651
5608893
9438337
4832522
6076650
7883554
8555074
2215798
6152506
8991598
3852113
8612905
9606743
8602049
2913242
8584429
1562360
7048920
5159760
2886359
2929757
4488160
1038361
3999659
3952530
9307681
1399708
4656011
7480617
5233405
6184302
7320168
3895942
4397847
7322716
4483402
6094304
5249197
3131796
9423050
7595501
9467362
3180898
9867369
9766657
3889623
5374867
8201352
7160828
3590123
3888461
6295917
9592285
3468649
3651221
2168399
3425277
1455542
8945079
4812284
1801836
9698335
8426980
7911588
1874756
7825078
1340995
1319034
8755739
5621655
8922014
6381341
7350724
9693766
2245270
6892700
8011780
1129558
6148116
9564828
7284833
6918796
8778525
4321986
2267949
9179281
6528127
9578936
4082401
3974108
2877478
8088254
6733922
1945334
3259170
3354324
5969142
5229675
1696356
4118716
9321495
9872284
5209090
7557826
1159883
2419813
3237162
4393129
4415412
6941915
2087443
8571970
8018333
1609456
2468474
8090392
1949473
3617689
4449604
5862861
1067988
5360593
9105983
6355055
1829604
6467830
6811672
1081346
5850797
3077123
2697006
1990330
9336518
7456913
5154048
1545231
4545732
5919377
7087263
4619942
1060026
7138639
8759227
2122591
4652902
2697325
7925954
6760363
9133486
3000867
8245874
9644790
5444410
2545664
2851730
5921915
9743669
6694640
2246830
8478934
6666574
2834640
4027911
1615539
5724840
1711815
8956773
7552003
1807911
3329491
9821242
9343893
5922959
2074962
7217205
9416746
5637554
7234039
5929171
6641597
6685844
6039136
8993494
9283783
4372751
6633589
8803238
6219464
8863485
6468489
9654932
1396833
4567031
4953291
4231706
4368431
2623053
2459847
7310242
6324565
2953854
6680277
5641916
4318790
4024640
8208354
3208365
9427678
9615678
6785979
3034720
3033826
2727681
9240626
8238602
2010909
4438060
2099459
8584931
8490486
2603476
8784752
1220819
2223901
6618755
3750646
8945269
5484273
9098477
7301348
6288293
4840339
5060374
2003021
2866863
7201403
1049277
5283039
2598013
3532949
5187026
8183310
1060424
3012561
8246844
1766446
4956503
1232532
1726241
5935728
4851802
9457054
1448588
7435648
9598045
3833620
1773268
3808371
1885240
5747259
5053780
4918325
2450588
9092507
8218483
6101784
1943304
4206525
7408406
8104369
3152424
2028642
1638166
8139423
7759204
6036379
8240528
6504709
2939261
7308353
8756414
2502304
9482355
5342034
6298979
8957133
4431177
8766806
6900975
4248733
7944921
2012581
4817579
2201793
1601025
4182448
1740778
9327612
5576593
3422573
3167441
8230240
2003924
9030589
5586879
2041372
2733180
4675491
3227999
9090653
8779478
1533257
1639526
7087308
1917537
9201569
3080096
6891318
9202384
1921440
4860164
9642835
2613270
1196086
2422114
6156662
9979707
4786617
1630068
4946437
6753547
3415772
7162510
3559410
2647112
2210630
7933993
5578179
7851801
4205184
7011527
5463335
4394657
7048807
7771463
2207532
3220623
5458453
2584746
5829112
7496208
6862505
6774134
1741564
5946301
1191403
1123873
5116192
7890672
4500796
6365479
9060181
2899673
9734659
2091284
1171300
4793629
2718834
3569356
6687159
9984572
7486667
9723693
4752001
4802546
6574857
4257651
8273396
8646352
7673094
9835360
2458006
7118366
5744939
8230987
2001715
7271063
4154840
4672574
9343812
8110356
7179471
9367268
1262432
4548807
2500508
9490136
3450503
2346378
6860258
8677258
5848840
7667589
3319746
3854905
2751965
9149180
3648169
5569425
8392740
2660718
3650952
6039664
5314983
2598154
8975591
1484464
6136573
9126019
7689117
1292685
2266128
6253402
6285715
4633652
4497662
5139326
6001415
4261886
7868870
4936126
8182687
6859672
8879188
5254756
8489214
7073640
3101870
7195079
8979375
6388919
2646945
3709337
2971757
7297743
5542608
6501433
5572803
6099164
2927865
1880961
4836719
9022475
3008144
8396836
2983304
1010692
3551867
7712568
6552185
3952749
3140400
7086341
3241760
5242962
3501985
7547214
8399489
9462686
4605863
5376297
1793498
5935512
2290963
7656608
7087454
2088307
5469574
2027216
5324448
7266995
4229498
1448703
2950359
7044542
8331420
8647378
5113365
6684977
7897721
7809090
5228967
8926844
9130359
9488313
7277822
8550991
8113439
3693300
9879429
7738662
3218483
6833757
3583132
3116127
8388088
2218050
6694739
4155408
5473722
5516038
7117283
6423028
8154481
4387445
6732490
6433643
9540514
2588298
7634776
6901709
8553682
1409704
1966306
2256927
1585485
2837267
2174370
9417297
8910547
4737662
7515901
5519982
7561175
6336512
3682430
9336299
7537779
6795813
7097348
7972138
1940276
9548180
9870603
9808502
1114894
9945904
7570256
8294235
4909149
5151697
4431329
4917685
4215997
4690294
7013250
1161796
5067797
5724800
8648175
7306748
9037742
4532766
2900223
4364987
5321440
7371364
8501143
4077006
9141108
2836011
5776773
9600011
5586092
9924497
3832997
1372830
7215759
9805936
6249250
2937632
3368057
5928939
5253559
9676446
1334584
1014681
7337533
5976082
4611959
4599055
7035390
5406822
3176618
7214024
9503471
2048345
2219345
1533174
1881430
7433866
1366423
4787291
3666048
3886932
4176912
6224759
4626717
8591190
9094947
2629174
5654373
1266620
1089066
6026759
8335756
8367185
3263477
8790499
9777263
2378356
2724423
9205477
8379591
1635074
6197937
1893088
6509289
7667001
5305386
9864266
9163907
9738789
4052307
3798320
9959081
3337925
1271669
1163965
8720128
5318692
5300961
7108123
4514131
1140228
5387194
4715628
2326449
4458851
1456029
6791034
3197515
1332750
3063814
7490034
1586121
5714804
7527125
8520784
3169248
9625261
1691839
4835125
9121146
9636476
9720233
2976202
9799507
2232088
3346166
2388629
7182234
1951463
9756624
1012279
6652897
5084864
2716938
2355666
1675467
1189047
2678907
4553927
7113326
6170075
1396525
7700445
2601925
1469366
1542514
2021293
4383798
9282683
2368500
5673060
3878521
2556459
9991514
5026098
6185188
9706274
1020089
1754317
9476937
8999636
1431878
2806660
5877225
7211899
7308328
1919403
8910960
8931159
8100164
8738114
5550208
2760814
2937495
5339281
9484735
7958142
8320111
9212026
8850765
8221165
7298141
5261370
4964525
9919159
7670746
3909160
1073171
3062563
2289209
6155998
5560015
3646020
8572207
2315031
2652449
4492417
1889560
7217206
5438054
3116220
3749646
4936171
7556682
1704341
5923976
3922502
4111301
8129153
1803076
6223240
7239111
9667301
7297243
8698058
5846553
3005183
2156151
1438607
4799596
4940265
3177758
5503922
4088560
6069757
1892089
5173824
9656835
7815353
2013170
3638741
7842504
3409565
4088908
5493475
9143457
6065131
8580568
8179305
6243169
5972194
8836712
6473577
5078510
2947816
9148320
2763265
4315983
6050441
6714545
3540785
3307586
7632552
3527271
8627592
5938883
7176979
1669769
5048556
4489266
3532573
8428437
4850056
5912040
9172818
4570932
2519892
8647499
5111235
2085861
7787219
7316745
6534799
4903778
4267187
9136362
1018739
8274669
2707254
4366555
9028508
2382899
8839027
2657102
4361096
5870303
6625009
2380889
4730094
9413411
8894690
9821088
8295650
9894298
7011353
9214077
2602334
1653763
3410882
5422601
2234288
3023785
8493182
2190750
7733112
6194741
9790287
4757146
3868030
4282970
3659310
7269297
9867916
2205573
6416572
5288223
5923338
1468540
6323396
7071053
4722694
7092200
1146268
2951764
5839215
7123371
5974150
2868959
5631674
1068395
1775044
4253335
8273750
9838949
1005094
9832139
7471348
1482642
2801970
7588900
2823482
3253040
7504778
3377300
7076007
4692416
9380944
6242382
7771200
1889835
2935104
5268851
2272830
8708719
1584002
8992611
6561045
2952501
1503201
4471906
5250146
3147827
2642489
2264151
4775928
3491689
1877859
8536122
7964788
3869755
2421024
2509400
8100728
5830215
5829164
6393032
1903385
2316076
3124244
1968330
5577968
9963467
6178787
8540067
9479934
1146043
9033966
5012042
5661164
6367016
2495842
2885573
7404688
7467063
5721987
4266097
4268465
7560938
2424096
9960753
1704873
4921659
3282250
7243674
5467568
8468616
9136797
7761916
3286229
7289219
7412095
8907488
2860238
4333336
2072632
5889600
3990296
1122539
6146356
9904404
6184918
8785402
9788393
1230078
8425662
6997618
8379648
2673038
5784597
6708014
5919458
8518210
3253428
5302034
9115513
4322643
1641474
4647491
1075805
6686992
2652162
9491090
4371251
7876245
6891831
1642408
8987015
4097656
4810001
3145696
1015089
3813078
6829433
4329146
4548232
8691135
2149826
9399685
3141084
3973601
7010867
8856637
3521916
1445516
5798121
4497652
9688523
2953841
6372170
6115319
7456035
6757561
8788142
2795072
7604360
8324887
7661499
2025913
6315113
3390177
2758387
4212801
4184259
4659370
2853711
9983272
4876554
7519778
3307113
3331463
8975622
8671573
9445253
6935325
1842864
3533232
5884613
1707548
6249849
8016771
7467305
7441641
7126065
5225368
2635552
2470700
8159731
8465302
6686101
1870376
5994566
9761807
9574801
6750821
2368354
3285008
9025467
9821171
9526719
9018720
4128666
8818187
4552966
3082206
2258974
7876303
1360599
5695590
7966792
1452462
4880148
8674922
5057933
6870902
6620575
4415067
6489800
1735166
4602583
7060916
3778232
2371408
9491896
3516104
4417591
4529348
7295146
6230075
6191474
9467377
1635071
2218743
1112978
6891793
8967091
1492665
1421168
1960811
9007194
3890265
5827207
7466221
2299548
3045021
3959000
3906275
8084636
5609590
9985011
6633073
3802184
9399476
5375718
2374427
5779162
7596407
6031036
7709970
8957806
2498635
4701993
2997184
2361929
7051195
4454524
6107035
8823914
3323708
4151155
9110974
9240078
9347111
2277435
2805057
7193417
1656961
1377721
9172743
4440728
2647484
1824032
3707611
1732333
8479781
7997151
1453800
4377553
8121221
4823946
4177096
5928110
2352725
6704744
9191221
1053571
8579050
9166308
2577664
9197509
4377041
4420242
3692102
1236818
6849497
1089790
2609669
6501643
8084392
8975599
5021127
6325052
5918727
9017071
4890669
6039528
5758155
6180341
8296283
2273030
7562561
1996045
9377442
1597434
9479062
9100096
6417545
3314851
2319023
8620139
6581279
9598276
7084891
6348755
3597197
5968953
4663623
4850421
9530165
5044706
9293316
6180977
6485082
4693750
2285660
1533084
3513919
2051535
3521542
8490449
1384565
7288086
5512945
1628595
9779486
6243843
7563642
9761435
9384293
8293412
9515047
5498645
6057372
4237459
8147549
2573387
8988669
8905738
5555654
5696341
1662792
9964968
7552795
6779310
7462080
1769903
6643803
4244549
5193813
4962474
4112803
1591534
3629326
1416487
4123043
8954560
5852239
4077710
8221799
6007945
1522634
7696523
2158430
9840008
4272480
6095647
9936768
5420453
9316728
7973549
7872335
8368423
9174392
4342597
5921002
4496846
4042644
2309017
7277013
4836292
7405986
2300363
8178933
2118565
4591767
1829964
6765221
7876583
6526728
7321606
3514047
8640492
2500052
4815077
6335760
5552862
7696695
8461125
9649583
6285685
7648220
4354213
2351241
8500910
4680634
4987439
8202122
8737844
5128149
9449803
1901989
3799761
9048201
9290899
8492967
6454455
1698258
2560518
8089253
5158230
8761898
3702033
1338853
4123157
3686494
2422471
5208460
5500615
9364051
2222004
8921139
9520725
7659001
9463225
4664824
6087359
7851188
9298916
2130196
3088188
4975565
8990172
3823798
1097688
7283803
8237023
3447675
2881950
8380110
6705327
8423986
6952591
1628145
6480983
5854781
9193561
6802813
7367983
1245674
4455994
7415566
5871526
8707110
9125032
9476279
5874418
7727266
3472245
3305391
7322450
2181137
7659718
7725972
2276227
2504413
2613751
2524786
7007599
7356933
2813799
5082819
8357269
3665743
3080228
9894721
8085426
9719898
4562198
6586077
6523634
4509210
8988317
4399891
8836419
7652826
6290904
8145086
8989715
7091125
3414064
1320849
4230186
3426056
7340741
2016770
1389209
3264900
6132740
8612039
7665143
8422680
9052678
5757842
9152442
4462009
9717930
1946033
4353883
2887449
2856253
2005052
9796296
9886691
1053627
9092597
3505452
1651588
5931575
1104370
7698719
9122549
8493699
6007604
1094839
5163741
1200819
1195742
8086534
2337990
3655646
5475056
1019047
5388519
2584343
1259959
9973067
4376796
4125992
9204117
8688835
8549000
7671085
3440744
3189867
4474927
9604510
5076896
5755892
2150522
3078190
5276651
7053487
2085163
4474060
8417458
7640686
4761674
3224847
3542574
5057802
7396597
8488171
8762562
6816664
8958632
5908505
5770814
3787979
3469030
9223275
9215910
6593332
8345588
9255158
7419296
1246080
5932054
7173661
8999244
3923242
1515528
3134768
7062457
8577065
9187204
5250870
7772452
7974965
6071235
4641901
4780497
3673853
8886090
3211439
2393241
3428021
9827669
8212843
5068976
3039096
8064714
4959749
6750667
9891506
7861312
7595078
7575193
2071094
6810071
5041845
1505694
7786841
8973678
7958578
2906744
6923136
2435822
5602197
1851251
2663898
9610919
7228567
1054625
2479724
1547777
9765068
6695402
1767116
1910042
8892261
4095325
7876213
8121795
6598277
1859598
2687553
9031609
3671953
6726833
6879799
4977739
3923764
6960139
2016439
4816578
5059694
5055501
8878037
1824367
6761751
9971915
1006039
7429976
3606929
7338011
8455889
6502916
7710017
1296440
2256871
9843844
8868589
7343803
5904116
3201047
3260113
6316593
9243519
9823407
1774628
1289789
8769297
2839571
7257978
7711861
5056234
7919229
8033737
5860663
4881562
7390549
7255919
4149365
2522893
1811975
1889079
6868746
6296912
8601719
2057060
6698249
9487428
1704757
9196815
4028640
6694590
4013526
3890780
4395558
6553141
2955711
9967247
3909032
2305738
2276672
2522308
6206162
7046509
5352520
5685188
4188415
3652259
2863818
5893380
1538284
5953099
4730880
6258609
6318392
5386135
7052817
4825156
1013544
8287125
9235350
6793121
3732105
6960933
4459660
1158913
7057170
7672714
5308051
9854472
3558695
4123505
7196649
7623097
6227865
8825972
5371461
3540502
9823645
6321577
9677088
2146151
5567045
6915295
7945925
2501405
9264169
8124639
9809537
8472934
3027961
3888932
6741362
4810356
5779618
5846216
7683753
3672901
5277720
2483365
1029213
1370243
5772040
1653847
2810967
2327129
9303169
8922071
6412833
8224778
5576920
7126717
8491608
6387242
9771573
8209386
6635970
4134555
5777070
4980709
8220007
6297143
7455168
4179728
2052277
4823529
2164291
7005328
2010796
2639571
2153814
2919510
3061544
5895256
8311942
9347427
2171361
2682815
3834724
5299432
9360814
5846920
3495628
4061568
8829142
7996188
3266426
9383670
9167510
4589032
5119988
4892855
6820227
9441059
9490191
6223211
2203322
5461017
6241207
9220300
8217732
3689671
7325746
8507503
9710356
6054817
5883236
7712245
3881066
1416653
4202427
9215214
3278687
8392695
6210258
6558212
3512806
8759914
6086981
2007152
1650147
9091305
7393093
7223850
8412773
7589172
5657403
3510803
4140783
5900927
5916437
8596613
7809345
3951761
4672484
9754465
6963404
6696028
3775657
3145709
5405399
7808993
7410638
2883797
7508130
7314407
9447900
2350785
4296207
3605148
1669483
3942218
5618711
4736219
1376341
5268249
1690022
2949438
7922478
3077017
1256759
7193869
4081895
1799775
1520470
1248075
3724619
1066676
2594576
4285281
6537135
6276528
9247945
7597047
8587772
1115741
6946586
1313732
6926882
6856833
8184578
4038494
8389429
1506855
9859342
9280368
5078946
5711526
6491443
8216345
3882400
8908954
4929779
3708637
9334171
2436169
1763729
6217543
1017249
7866928
5259879
8023704
6763050
8575223
2232433
4368227
4829766
2059053
3793216
4005152
4380360
3184948
1946554
3999707
3684780
2505779
1250559
7582027
5559124
2028589
7752579
7837387
4583374
7845315
3469648
3714855
9199452
8265598
4459924
5002676
7604237
6852142
4569429
4424925
1367722
8380807
9263281
7691392
4579394
3153310
8176947
4524384
6285409
2890947
5519985
3347394
2327133
8194715
4636409
4287469
3882305
7577513
6877049
4925256
1764887
4019333
6014646
7895988
5240401
9491294
2818920
7250894
3416428
9790870
5398469
1576104
7496019
7451578
1786079
8123244
6971274
5918415
7052781
4721034
3272980
2906213
6767568
5030974
3938720
2096570
5357020
9789347
3362960
9524177
9503503
3808105
5859006
1238984
4791034
5074944
8191828
2836107
6891157
9227267
1048238
2237163
8614930
9763505
6262565
1736768
5593304
5432273
6637103
8839434
7102850
3675271
8415398
2384196
2550187
2775141
4542661
9869156
5233998
6531560
6919617
9149957
4085727
2589754
8821665
5480735
1163895
2982696
2914283
2426446
5170479
8303688
8338770
1630672
3392879
8771842
9370006
4270350
3952945
8286209
1177068
8753266
6471884
6523633
1741068
2848152
4402406
6000739
3461818
6509222
6929273
9387298
5506121
2592327
5079787
6939074
8810224
8639178
6747511
1407102
5188509
7810081
6069748
2863458
6804031
6793287
2527565
6746070
5938285
5878690
9912712
8756837
6694892
6199867
1772088
5093115
5303603
4874636
4282778
8709334
6063282
6972947
3156029
6549195
1169030
8486117
3573356
1684676
3324493
5628326
7139949
9859399
3973029
8603645
6195340
1945012
3618565
8113338
1089153
1839726
1655974
5172571
5440471
2412450
5573431
2011043
4400119
8800516
5873486
7578864
3670555
2315939
5414066
1587013
6205786
9209467
7045051
9548394
9473234
1201102
7406063
6209256
5866260
2150276
9306229
1974793
1504332
3333971
4607633
5335796
8309550
4135140
9574576
8750145
3219503
8060159
9227853
1715497
1962504
2003094
7583153
3144539
8142547
5921891
5692379
6261070
6941290
3094043
5491338
7327195
9424571
5311152
1900267
5232102
5179317
9536082
7766907
4378199
8722915
5557295
9908185
8196542
1821607
8612536
1258926
5732990
5399560
3761519
9729537
6929876
5961266
5449824
9865583
4435533
1298834
5003935
7202032
2387422
1900020
2654929
5015812
4710086
6094642
8770361
3500422
6017172
1538131
5167278
2983620
5251862
4395224
4147901
7797679
4230339
3424079
1449554
1052571
1559777
6653276
1047197
9301289
6667058
4817270
5283260
6655377
7817031
7803399
8621791
1815887
4865616
6613162
6761240
2280187
6004855
5133962
1077549
9081501
9999704
4159823
6573739
1142737
4017986
5951058
9956383
1175915
9651532
7489841
4543073
6911181
2084159
1879566
6637629
2832054
9113694
6272829
5791103
8270896
2142582
2458511
9696371
9118132
6097446
6669840
6591827
5742073
8193743
7566580
6184212
4495050
4535667
6877946
3263845
5712253
7021872
7539334
9446235
4342197
3648159
5935421
7262138
5319585
3598399
1698543
4049194
3125776
8754040
2368552
9470906
5758963
9200829
1583431
3663667
4739247
7353672
3066952
2128153
8936687
3451217
2412106
3351384
6770725
6236601
4108283
8098737
2701041
7379491
7414005
2275295
9057372
7794666
7089675
8083958
3661530
2541898
4957182
6525299
1122313
9543746
6810339
8512577
3855867
3195298
9782559
6941568
7522158
2743965
3066790
5349086
6962351
4547539
5430207
9327471
7187662
8815307
6158397
1284497
9153144
8686853
8580598
4670385
3124871
2920106
7656398
5177614
6394868
1663286
3219657
9151640
6508009
1006126
6809839
6145181
7979403
7350843
5721089
6275637
5644488
3400129
8840586
3720622
4185644
1990177
5351031
8313415
7352431
1596687
7198930
9039835
1740878
3976567
1600617
7168122
5846443
5172564
7012781
1503579
6760205
5026692
8137340
5688872
3705559
9894434
5635091
6921269
7285680
6091621
4903456
2381040
3648162
3954674
5813213
3714172
3206897
3857197
8176146
9456490
4091360
9375081
2387212
9764481
9856186
7868059
5891514
4118031
8287682
7011687
7747847
7044253
3798948
1367675
2370265
1388773
6799080
2045375
5566137
4203165
3555154
2975506
7759955
8986584
9152939
5065321
1212021
9911005
5071788
8020979
2526542
5362371
5549731
8726648
4326809
9713701
5462243
7693761
4089905
3015516
5131140
1511043
6097753
7688241
7344963
5036845
7574691
3468355
7932232
5759725
2035559
1954139
8791247
2363970
3431381
6723501
5028074
3094960
3675841
5558208
8813396
7290086
4434358
3821455
7668849
8690551
4660935
6151894
7524010
9814915
1447411
1745693
4350280
8800031
2861582
8065842
1806393
2499562
2649946
1954705
1890302
7308001
7964744
5634522
3603684
1510132
4941992
8746731
7768492
9495690
4442960
3758852
9444118
5514937
3432369
2392259
6664746
1445943
5484483
2469967
3768210
5525177
7884391
7292027
1842249
8832334
9653824
2000662
1770879
9283538
3246629
1378366
1665574
7963905
5590817
8434764
4561440
3562559
9770486
9807796
7767531
1174085
7896895
9016242
3422772
6010380
1076832
7278114
1054145
1382177
4719582
9466537
7590341
5550092
1460075
1723538
4186440
9479992
4737558
3021198
3970071
8740217
6893754
5425885
6349434
7203945
1985909
5178476
8277512
1723234
1418537
9189637
5580368
7005746
6511062
2158992
1181621
9648402
8362030
3383697
6396991
7167681
8416822
2326923
9734404
3732657
6977996
5553740
5657286
3922805
2051324
8058958
9015772
3235572
6556406
3906749
7195222
3428915
2148458
3443381
9451407
1652887
9188787
9008350
2305048
2877372
9378461
3713369
7187810
1370136
7171812
9693320
8552442
3670747
7743353
6567949
7830148
9699803
2409239
9740933
5421137
4894561
5871428
6085034
5749456
8682104
8594305
3320368
5506521
2947157
9496093
8773447
1877579
9417035
8801217
1146946
8560176
2065650
8849497
6614559
3515409
3235983
1283792
8180981
9935767
9741529
6936001
3040428
9213872
8915020
1993752
6898429
7136173
7550815
7167260
1593739
6211053
7150414
1211814
3809041
2158019
7801776
4522226
5000534
3896319
3574509
1902514
3938142
6693087
1906632
9135168
7205264
5611495
2198410
5883752
9061212
8902225
4504582
4206220
5391478
2078868
8880029
2598902
3761073
8495693
6596627
2789940
4292920
7315941
9683971
6451292
8219443
1301635
7859356
2197542
7429342
5349910
4534122
7645480
8556671
8679450
3418908
9260811
9828281
5067452
1524648
2022550
8776963
3241357
9326654
5670429
1267625
5204293
8393530
8252223
1774616
7764697
1480112
3783268
3792237
5453418
4140731
1407617
8521751
8983101
4030735
4685656
6263447
8194382
8906239
4637693
3790698
9963298
9921048
2515268
3362490
2876443
3863568
9857988
6607821
7119076
6646261
4024181
2510676
6706505
1831709
9466068
8491596
2191916
8569465
3958246
5974509
4670903
8605905
1133646
3429968
1515037
6825021
3079508
7059027
3015029
7759272
1671562
5285178
6925643
7365619
9173033
3383598
1699767
7708513
7012213
7553864
4147166
6636060
9324740
3614226
3701329
2531589
9717144
1669536
1789331
4279086
9147598
9479901
3676850
1812305
6066608
6074558
6011522
5640601
1056716
2582821
5144895
5928906
1612061
9109633
7220248
8044474
8617863
6418659
1274732
4177061
6807747
2775514
1976965
9007656
1404052
4939905
4955946
6692837
6745362
9834632
1889037
4656218
2539433
9930463
4814778
3618366
5098043
3746436
3136600
8157390
6033819
7022320
8535494
6319059
8862768
5408563
6799011
9820502
5289665
8622064
8732118
2949782
6841784
9314212
8150011
7542230
6546101
2387712
4858407
4316962
3421161
7352956
4365276
9310921
4190829
9922610
1512814
4213522
6482651
2938526
6397482
3943582
9723847
3683562
9110803
6789361
9628957
1394821
9471893
1304126
6394002
4577094
9718228
2495624
6919461
3906795
1406871
8299739
4667727
1124912
2101700
6008885
2191052
9923720
5415933
9177737
6071095
5511828
2194136
3098187
3489846
2360355
3683494
5355657
9724074
6751241
1307401
7064011
1187677
4352419
4182311
5830378
8444843
9469937
1357590
9907659
6288783
5407085
3140193
9048650
5428815
1794314
3090140
3337870
2687310
7946599
2899254
3618268
7863024
3476446
9400698
2032255
3564014
9560692
3156534
4026696
9258335
4527176
3588476
8383350
6346465
8795034
1635715
6407225
9836263
2742355
